mouseReads	humanReads	mouseMT	humanMT	mouseNuclearReads	humanNuclearReads	nuclearMouseHumanRatio	mtMouseHumanRatio	fracMito	totalAlignedReads
276	3886	81	2095	195	1791	0.108877721943049	0.0386634844868735	0.522825564632388	4162
14369	11462	1957	9229	12412	2233	5.55844155844156	0.212048976053744	0.433045565405908	25831
2803	79	1850	73	953	6	158.833333333333	25.3424657534247	0.667244968771686	2882
1615	763	1097	665	518	98	5.28571428571429	1.64962406015038	0.740958788898234	2378
25841	9489	10150	3813	15691	5676	2.76444679351656	2.66194597429845	0.395216529861308	35330
7030	53	44	8	6986	45	155.244444444444	5.5	0.00734152195397431	7083
3313	13934	35	8926	3278	5008	0.654552715654952	0.00392112928523415	0.519568620629675	17247
38075	236	5327	88	32748	148	221.27027027027	60.5340909090909	0.141343217352719	38311
172488	3172	4391	74	168097	3098	54.2598450613299	59.3378378378378	0.0254184219514972	175660
16465	141	4216	54	12249	87	140.793103448276	78.0740740740741	0.257135974948814	16606
1504	93	651	90	853	3	284.333333333333	7.23333333333333	0.463994990607389	1597
1499	3046	0	253	1499	2793	0.536698890082349	0	0.0556655665566557	4545
4569	193	2567	155	2002	38	52.6842105263158	16.5612903225806	0.571608567828643	4762
2369	42	420	16	1949	26	74.9615384615385	26.25	0.180837826627955	2411
144	1858	54	346	90	1512	0.0595238095238095	0.15606936416185	0.1998001998002	2002
110	33061	23	16100	87	16961	0.00512941453923707	0.00142857142857143	0.486057098067589	33171
26142	361	4823	327	21319	34	627.029411764706	14.7492354740061	0.194317624419877	26503
2193	108	440	52	1753	56	31.3035714285714	8.46153846153846	0.213820078226858	2301
1550	19	1221	12	329	7	47	101.75	0.78585086042065	1569
259	2955	24	1907	235	1048	0.224236641221374	0.0125852123754588	0.600808960796515	3214
483	61840	158	22209	325	39631	0.00820065100552598	0.00711423296861633	0.358888371869133	62323
175	3159	0	2198	175	961	0.18210197710718	0	0.659268146370726	3334
35	4304	24	2789	11	1515	0.00726072607260726	0.00860523485120115	0.648306061304448	4339
567	13105	0	653	567	12452	0.0455348538387408	0	0.0477618490345231	13672
2843	4	2046	1	797	3	265.666666666667	2046	0.719002458728486	2847
141	23750	36	6571	105	17179	0.00611211362710286	0.00547861817075027	0.276547653928257	23891
33595	315	3265	139	30330	176	172.329545454545	23.4892086330935	0.10038336773813	33910
35	4911	23	2147	12	2764	0.00434153400868307	0.0107126222636237	0.438738374443995	4946
48082	180	13414	64	34668	116	298.862068965517	209.59375	0.279267332476897	48262
28	4117	3	2249	25	1868	0.0133832976445396	0.00133392618941752	0.543305186972256	4145
205452	903	30349	167	175103	736	237.911684782609	181.730538922156	0.147881078723559	206355
23652	327	3119	165	20533	162	126.746913580247	18.9030303030303	0.136953167354769	23979
567	821	0	681	567	140	4.05	0	0.490634005763689	1388
14	753	0	271	14	482	0.029045643153527	0	0.353324641460235	767
1691	104	584	25	1107	79	14.0126582278481	23.36	0.339275766016713	1795
65	3409	2	2849	63	560	0.1125	0.000702000702000702	0.820667818077145	3474
388	98210	194	36433	194	61777	0.00314032730627904	0.00532484286224028	0.371478123288505	98598
6503	14	3567	8	2936	6	489.333333333333	445.875	0.548565290777965	6517
139	813	1	622	138	191	0.722513089005236	0.00160771704180064	0.654411764705882	952
7948	110	1547	68	6401	42	152.404761904762	22.75	0.20042194092827	8058
171	251	68	117	103	134	0.76865671641791	0.581196581196581	0.438388625592417	422
181	16251	50	5519	131	10732	0.0122064852776742	0.00905961224859576	0.338911879259981	16432
5302	21	2900	16	2402	5	480.4	181.25	0.54781138455758	5323
177422	2111	28794	1021	148628	1090	136.355963302752	28.2017629774731	0.166069747623	179533
13052	80	5521	47	7531	33	228.212121212121	117.468085106383	0.424002436795614	13132
329	1465	16	1258	313	207	1.51207729468599	0.0127186009538951	0.710144927536232	1794
250	27376	32	16361	218	11015	0.0197911938266001	0.00195587066805208	0.593390284514588	27626
198	8515	65	2488	133	6027	0.0220673635307782	0.0261254019292604	0.293010444163893	8713
142	12883	21	4119	121	8764	0.0138064810588772	0.00509832483612527	0.317850287907869	13025
40	12199	0	4811	40	7388	0.00541418516513265	0	0.39308767056132	12239
439	57813	14	22946	425	34867	0.0121891760117016	0.00061012812690665	0.394149557096752	58252
437	15630	75	8066	362	7564	0.0478582760444209	0.00929828911480288	0.506690732557416	16067
1726	4	632	4	1094	0	Inf	158	0.367630057803468	1730
28161	270	6106	147	22055	123	179.308943089431	41.5374149659864	0.219935985368084	28431
262	40221	39	15042	223	25179	0.00885658683823821	0.00259274032708416	0.372526739619099	40483
12498	190	1807	65	10691	125	85.528	27.8	0.147540983606557	12688
289	222	40	65	249	157	1.5859872611465	0.615384615384615	0.205479452054795	511
111	1547	11	1055	100	492	0.203252032520325	0.0104265402843602	0.642943305186972	1658
19883	538	1573	318	18310	220	83.2272727272727	4.94654088050314	0.092600754125655	20421
302	7117	85	5239	217	1878	0.115548455804047	0.0162244703187631	0.717616929505324	7419
259	41618	85	23568	174	18050	0.0096398891966759	0.00360658520027155	0.564820784678941	41877
53	738	0	443	53	295	0.179661016949153	0	0.560050568900126	791
11	1278	2	546	9	732	0.0122950819672131	0.00366300366300366	0.425135764158262	1289
272	192	26	63	246	129	1.90697674418605	0.412698412698413	0.191810344827586	464
51	17019	19	12757	32	4262	0.00750821210699202	0.00148937838049698	0.748447568834212	17070
33773	11023	12336	5958	21437	5065	4.23237907206318	2.07049345417925	0.408384677203322	44796
27008	177	8326	89	18682	88	212.295454545455	93.5505617977528	0.309545705352216	27185
123500	569	29495	103	94005	466	201.727467811159	286.359223300971	0.238560800844691	124069
142	4173	23	2557	119	1616	0.0736386138613861	0.00899491591709034	0.597914252607184	4315
110	7067	86	5524	24	1543	0.0155541153596889	0.0155684286748733	0.78166364776369	7177
632	15	109	6	523	9	58.1111111111111	18.1666666666667	0.17774343122102	647
1129	47375	552	13925	577	33450	0.0172496263079223	0.039640933572711	0.298470229259442	48504
371	178640	15	27840	356	150800	0.00236074270557029	0.000538793103448276	0.155604962823514	179011
469	18	59	5	410	13	31.5384615384615	11.8	0.131416837782341	487
617	48075	9	11837	608	36238	0.016777967879022	0.000760327785756526	0.243284317752403	48692
16115	50	3539	10	12576	40	314.4	353.9	0.219548407052273	16165
111	195	14	82	97	113	0.858407079646018	0.170731707317073	0.313725490196078	306
293	22872	87	9834	206	13038	0.0157999693204479	0.00884685784014643	0.428275415497518	23165
771	162863	107	41158	664	121705	0.00545581529107268	0.00259973759657904	0.252178642580393	163634
10865	3023	7828	1812	3037	1211	2.50784475639967	4.32008830022075	0.694124423963134	13888
455	3	12	2	443	1	443	6	0.0305676855895196	458
157	4778	68	1986	89	2792	0.0318767908309456	0.0342396777442095	0.416210739614995	4935
80	1236	19	595	61	641	0.0951638065522621	0.0319327731092437	0.466565349544073	1316
5	4962	2	3679	3	1283	0.00233826968043648	0.000543625985322098	0.741091201932756	4967
10	2792	0	1437	10	1355	0.00738007380073801	0	0.512847965738758	2802
1890	44	877	4	1013	40	25.325	219.25	0.455532574974147	1934
6214	12	1481	6	4733	6	788.833333333333	246.833333333333	0.238837134596852	6226
1084	198	353	173	731	25	29.24	2.04046242774566	0.410296411856474	1282
392	18817	15	10714	377	8103	0.0465259780328273	0.00140003733432892	0.558540267582904	19209
37614	664	8381	203	29233	461	63.412147505423	41.2857142857143	0.224254140759705	38278
1922	64	1186	46	736	18	40.8888888888889	25.7826086956522	0.620342396777442	1986
107	56141	24	28663	83	27478	0.00302059829681927	0.000837316400935003	0.510009244773147	56248
27	1770	0	1358	27	412	0.0655339805825243	0	0.755703951029494	1797
239	1524	24	970	215	554	0.388086642599278	0.0247422680412371	0.563811684628474	1763
757	225752	114	63398	643	162354	0.00396048141715018	0.00179816397993628	0.280395039490705	226509
31	4154	8	2109	23	2045	0.0112469437652812	0.00379326695116169	0.505854241338112	4185
28	179	12	68	16	111	0.144144144144144	0.176470588235294	0.386473429951691	207
15086	270	4924	207	10162	63	161.301587301587	23.7874396135266	0.334136493878614	15356
35312	59	8940	4	26372	55	479.490909090909	2235	0.252862514489271	35371
426	5464	10	4884	416	580	0.717241379310345	0.00204750204750205	0.830899830220713	5890
340	44190	153	5862	187	38328	0.00487893967856397	0.026100307062436	0.135077475858971	44530
60	1319	20	1134	40	185	0.216216216216216	0.017636684303351	0.836838288614938	1379
38	7093	11	2921	27	4172	0.00647171620325983	0.00376583361862376	0.411162529799467	7131
203	47559	8	14709	195	32850	0.00593607305936073	0.000543884696444354	0.308131987772706	47762
935	47	365	29	570	18	31.6666666666667	12.5862068965517	0.40122199592668	982
199	13850	101	11098	98	2752	0.0356104651162791	0.00910073887186881	0.797138586376255	14049
15	1982	4	189	11	1793	0.00613496932515337	0.0211640211640212	0.0966449674511768	1997
5736	7537	2341	4841	3395	2696	1.25927299703264	0.483577773187358	0.541098470579372	13273
6047	127	1566	105	4481	22	203.681818181818	14.9142857142857	0.270651117589893	6174
49	3058	13	38	36	3020	0.0119205298013245	0.342105263157895	0.0164145477953009	3107
222	22445	134	16047	88	6398	0.0137542982181932	0.00835047049292703	0.713857149159571	22667
143	5396	51	3032	92	2364	0.038917089678511	0.016820580474934	0.556598664018776	5539
44	1590	2	1461	42	129	0.325581395348837	0.00136892539356605	0.895348837209302	1634
503	40184	181	18202	322	21982	0.0146483486488945	0.00994396220195583	0.451815076068523	40687
419	47808	55	13853	364	33955	0.0107200706817847	0.00397025914964268	0.288386173720115	48227
14	3063	5	2269	9	794	0.0113350125944584	0.00220361392684002	0.739031524211895	3077
13	956	0	317	13	639	0.0203442879499218	0	0.327141382868937	969
76	33766	16	20144	60	13622	0.00440463955366319	0.00079428117553614	0.595709473435376	33842
602	17439	180	10860	422	6579	0.0641434868521052	0.0165745856353591	0.611939471204479	18041
400	2241	54	1441	346	800	0.4325	0.0374739764052741	0.566073457023855	2641
215	41598	10	17171	205	24427	0.00839235272444426	0.000582377263991614	0.410900915983067	41813
664	7	132	7	532	0	Inf	18.8571428571429	0.207153502235469	671
25	1069	2	348	23	721	0.0319001386962552	0.00574712643678161	0.319926873857404	1094
11212	52	784	23	10428	29	359.586206896552	34.0869565217391	0.0716441761363636	11264
87	1369	34	909	53	460	0.115217391304348	0.0374037403740374	0.647664835164835	1456
183	25124	37	11328	146	13796	0.0105827776167005	0.00326624293785311	0.449085233334651	25307
607	9349	73	6886	534	2463	0.216808769792935	0.0106012198663956	0.698975492165528	9956
513	13357	283	1888	230	11469	0.0200540587671113	0.14989406779661	0.156524873828407	13870
4517	10406	1640	4367	2877	6039	0.476403378042722	0.375543851614381	0.402533002747437	14923
687	7154	129	4380	558	2774	0.201153568853641	0.0294520547945205	0.575054202270119	7841
40538	622	6234	374	34304	248	138.322580645161	16.668449197861	0.160544217687075	41160
3481	4792	0	3482	3481	1310	2.65725190839695	0	0.420887223498126	8273
2327	5	936	3	1391	2	695.5	312	0.402658662092624	2332
35893	264	8877	103	27016	161	167.801242236025	86.1844660194175	0.248361313162043	36157
874	10653	151	3301	723	7352	0.0983405875952122	0.0457437140260527	0.299470807668951	11527
914	79	254	67	660	12	55	3.7910447761194	0.323262839879154	993
43	5006	30	2672	13	2334	0.00556983718937446	0.0112275449101796	0.535155476331947	5049
156	23445	40	8910	116	14535	0.00798073615411077	0.00448933782267116	0.379221219439854	23601
170	963	27	783	143	180	0.794444444444444	0.0344827586206897	0.714916151809356	1133
178802	1372	17970	112	160832	1260	127.644444444444	160.446428571429	0.100358542298001	180174
610	699	200	342	410	357	1.1484593837535	0.584795321637427	0.414056531703591	1309
14571	40	3665	20	10906	20	545.3	183.25	0.252207241119704	14611
1664	10	706	5	958	5	191.6	141.2	0.424731182795699	1674
29	2140	0	1589	29	551	0.0526315789473684	0	0.732595666205625	2169
111	2151	0	190	111	1961	0.0566037735849057	0	0.0839964633068081	2262
193	16865	36	4879	157	11986	0.0130986150508927	0.00737856118056979	0.28813459960136	17058
735	1658	33	533	702	1125	0.624	0.0619136960600375	0.236523192645215	2393
12221	165	5416	47	6805	118	57.6694915254237	115.234042553191	0.441062489907961	12386
480	78	0	30	480	48	10	0	0.0537634408602151	558
33	1408	0	883	33	525	0.0628571428571429	0	0.612768910478834	1441
20001	11369	116	1444	19885	9925	2.00352644836272	0.0803324099722992	0.0497290404845394	31370
1991	21	859	7	1132	14	80.8571428571429	122.714285714286	0.430417495029821	2012
96	6282	1	3421	95	2861	0.0332051730164278	0.000292312189418299	0.536531828159298	6378
757	12	2	9	755	3	251.666666666667	0.222222222222222	0.0143042912873862	769
15554	637	2788	509	12766	128	99.734375	5.47740667976424	0.203631647211414	16191
365	297	2	49	363	248	1.46370967741935	0.0408163265306122	0.0770392749244713	662
992	21839	88	14569	904	7270	0.124346629986245	0.00604022239000618	0.641978012351627	22831
899	2	469	0	430	2	215	Inf	0.520532741398446	901
1274	82533	156	23580	1118	58953	0.0189642596644785	0.00661577608142494	0.28322216521293	83807
251216	1175	7286	578	243930	597	408.592964824121	12.6055363321799	0.031158004841694	252391
5569	187	2389	147	3180	40	79.5	16.2517006802721	0.440583738707436	5756
178	5434	4	2296	174	3138	0.0554493307839388	0.00174216027874564	0.409836065573771	5612
1137	20	767	20	370	0	Inf	38.35	0.680207433016422	1157
3094	21713	2030	11995	1064	9718	0.10948754887837	0.169237182159233	0.56536461482646	24807
152	3476	72	1542	80	1934	0.0413650465356774	0.0466926070038911	0.444873208379272	3628
372	4386	257	3421	115	965	0.119170984455959	0.0751242326805028	0.773013871374527	4758
11043	172	2146	105	8897	67	132.791044776119	20.4380952380952	0.200713330361123	11215
312	989	11	340	301	649	0.463790446841294	0.0323529411764706	0.269792467332821	1301
167	25185	2	12174	165	13011	0.0126815771270463	0.000164284540824708	0.480277690123067	25352
289	2315	26	1762	263	553	0.475587703435805	0.0147559591373439	0.686635944700461	2604
68	2473	20	2020	48	453	0.105960264900662	0.0099009900990099	0.802833530106257	2541
752	114138	128	46840	624	67298	0.0092721923385539	0.00273270708795901	0.408808425450431	114890
73	15041	13	6332	60	8709	0.00688942473303479	0.00205306380290587	0.419809448193728	15114
106	8159	57	3874	49	4285	0.0114352392065344	0.0147134744450181	0.475620084694495	8265
6003	133	1507	109	4496	24	187.333333333333	13.8256880733945	0.263363754889179	6136
53050	590	13526	276	39524	314	125.872611464968	49.0072463768116	0.25730797912006	53640
42	2410	0	1391	42	1019	0.0412168792934249	0	0.567292006525285	2452
85	7958	10	4827	75	3131	0.0239540083040562	0.00207168013258753	0.601392515230635	8043
144	33089	12	13395	132	19694	0.00670254899969534	0.000895856662933931	0.403424307164565	33233
31901	310	5677	196	26224	114	230.035087719298	28.9642857142857	0.182329018037316	32211
880	3	23	2	857	1	857	11.5	0.028312570781427	883
46	1120	4	953	42	167	0.251497005988024	0.00419727177334732	0.820754716981132	1166
881	142750	273	38202	608	104548	0.00581551057887286	0.00714622271085283	0.267873926937778	143631
14	910	0	257	14	653	0.0214395099540582	0	0.278138528138528	924
132	24804	29	14607	103	10197	0.0101010101010101	0.00198534948997056	0.586942572986846	24936
80	864	39	670	41	194	0.211340206185567	0.0582089552238806	0.751059322033898	944
71786	324	14891	78	56895	246	231.280487804878	190.910256410256	0.207585633060602	72110
99	1651	5	1356	94	295	0.31864406779661	0.00368731563421829	0.777714285714286	1750
224	1591	22	968	202	623	0.324237560192616	0.0227272727272727	0.545454545454545	1815
15430	74	1495	11	13935	63	221.190476190476	135.909090909091	0.0971362229102167	15504
94	10036	20	7595	74	2441	0.0303154444899631	0.00263331138907176	0.75172754195459	10130
50	987	0	760	50	227	0.220264317180617	0	0.732883317261331	1037
1914	398	977	353	937	45	20.8222222222222	2.76770538243626	0.575259515570934	2312
37	8502	5	5861	32	2641	0.0121166224914805	0.000853096741170449	0.686965686848577	8539
39369	322	6802	199	32567	123	264.772357723577	34.1809045226131	0.176387594164924	39691
2247	10	1227	2	1020	8	127.5	613.5	0.544528134692069	2257
42361	97	7563	45	34798	52	669.192307692308	168.066666666667	0.179188845447266	42458
830	9817	286	7865	544	1952	0.278688524590164	0.0363636363636364	0.765567765567766	10647
19597	120	5002	26	14595	94	155.265957446808	192.384615384615	0.255008368413045	19717
186	11181	102	6136	84	5045	0.0166501486620416	0.0166232073011734	0.548781560658045	11367
11571	137	3399	91	8172	46	177.652173913043	37.3516483516484	0.298086778271268	11708
75	2381	53	575	22	1806	0.0121816168327796	0.0921739130434783	0.255700325732899	2456
99	39431	10	3112	89	36319	0.00245050799856824	0.0032133676092545	0.0789779913989375	39530
684	376	0	130	684	246	2.78048780487805	0	0.122641509433962	1060
241	6004	1	5005	240	999	0.24024024024024	0.0001998001998002	0.80160128102482	6245
38	9042	25	2547	13	6495	0.00200153964588145	0.00981546917942678	0.283259911894273	9080
67	2545	24	1796	43	749	0.0574098798397864	0.0133630289532294	0.696784073506891	2612
18	1631	4	1528	14	103	0.135922330097087	0.00261780104712042	0.929047907822923	1649
8128	154	5506	118	2622	36	72.8333333333333	46.6610169491525	0.679063028254045	8282
25782	318	5382	242	20400	76	268.421052631579	22.2396694214876	0.215478927203065	26100
22	1020	1	362	21	658	0.0319148936170213	0.00276243093922652	0.348368522072937	1042
14091	273	8817	216	5274	57	92.5263157894737	40.8194444444444	0.628863826232247	14364
41	786	8	252	33	534	0.0617977528089888	0.0317460317460317	0.314389359129383	827
2270	49	16	28	2254	21	107.333333333333	0.571428571428571	0.0189736955584304	2319
114	3016	20	2367	94	649	0.144838212634823	0.00844951415293621	0.762619808306709	3130
9	1611	6	1374	3	237	0.0126582278481013	0.00436681222707424	0.851851851851852	1620
493	14589	54	3262	439	11327	0.0387569524145846	0.0165542611894543	0.21986473942448	15082
72	495	38	149	34	346	0.0982658959537572	0.25503355704698	0.329805996472663	567
45	18780	21	13799	24	4981	0.00481830957639028	0.00152184940937749	0.734130146082337	18825
875	21	99	10	776	11	70.5454545454545	9.9	0.121651785714286	896
81750	559	24194	217	57556	342	168.292397660819	111.493087557604	0.29657753101119	82309
224	13347	20	9174	204	4173	0.0488856937455068	0.00218007412252017	0.677474025495542	13571
163	11585	65	918	98	10667	0.00918721289959689	0.0708061002178649	0.0836738168198842	11748
50	1231	5	938	45	293	0.15358361774744	0.00533049040511727	0.736143637782982	1281
126	4648	64	2021	62	2627	0.023601065854587	0.0316674913409203	0.436740678676163	4774
249	370	91	152	158	218	0.724770642201835	0.598684210526316	0.392568659127625	619
6140	115	122	73	6018	42	143.285714285714	1.67123287671233	0.0311750599520384	6255
87	2256	0	1514	87	742	0.117250673854447	0	0.646180110968843	2343
486	571	31	93	455	478	0.951882845188284	0.333333333333333	0.117313150425733	1057
90783	483	31641	140	59142	343	172.425655976676	226.007142857143	0.34822387307431	91266
56716	622	14252	163	42464	459	92.5141612200436	87.4355828220859	0.251403955491995	57338
86936	538	12248	279	74688	259	288.370656370656	43.8996415770609	0.143208267599515	87474
684	101795	53	48233	631	53562	0.0117807400769202	0.00109883274936247	0.471179461157896	102479
98	39950	17	20278	81	19672	0.004117527450183	0.00083834697701943	0.506766879744307	40048
16	1150	3	432	13	718	0.0181058495821727	0.00694444444444444	0.373070325900515	1166
6	1483	0	198	6	1285	0.0046692607003891	0	0.132975151108126	1489
1766	25	1143	22	623	3	207.666666666667	51.9545454545455	0.650474595198213	1791
490	16	135	2	355	14	25.3571428571429	67.5	0.270750988142292	506
1277	12	135	0	1142	12	95.1666666666667	Inf	0.104732350659426	1289
518	134147	108	11740	410	122407	0.00334948164729141	0.00919931856899489	0.0879812868971151	134665
56	3118	0	2815	56	303	0.184818481848185	0	0.886893509766856	3174
38	916	2	652	36	264	0.136363636363636	0.00306748466257669	0.685534591194969	954
831	2255	444	1342	387	913	0.423877327491785	0.330849478390462	0.578742709008425	3086
31	9082	24	4863	7	4219	0.00165916093861105	0.00493522516964837	0.536266871502249	9113
4474	187	1598	162	2876	25	115.04	9.8641975308642	0.377601373095902	4661
508	974	8	684	500	290	1.72413793103448	0.0116959064327485	0.46693657219973	1482
33491	232	6246	137	27245	95	286.789473684211	45.5912408759124	0.189277347804169	33723
1882	46	651	46	1231	0	Inf	14.1521739130435	0.361514522821577	1928
66	1805	12	1643	54	162	0.333333333333333	0.00730371272063299	0.884553714591128	1871
134	14671	57	5689	77	8982	0.0085727009574705	0.0100193355598523	0.388112124282337	14805
101	9338	9	4889	92	4449	0.0206788042256687	0.00184086725301698	0.518910901578557	9439
48	23296	2	8031	46	15265	0.00301342941369145	0.000249034989416013	0.344114119259767	23344
256	125781	55	50642	201	75139	0.00267504225502069	0.00108605505311797	0.4022390250482	126037
112	984	9	881	103	103	1	0.0102156640181612	0.812043795620438	1096
93	1541	13	404	80	1137	0.0703605980650836	0.0321782178217822	0.255201958384333	1634
8	1030	4	424	4	606	0.0066006600660066	0.00943396226415094	0.41233140655106	1038
4943	85	2738	66	2205	19	116.052631578947	41.4848484848485	0.557677008750994	5028
174	9192	4	6828	170	2364	0.071912013536379	0.000585823081429408	0.729446935724963	9366
71	3079	12	2219	59	860	0.0686046511627907	0.00540784136998648	0.708253968253968	3150
127	4349	48	2790	79	1559	0.050673508659397	0.0172043010752688	0.634048257372654	4476
125577	846	15829	297	109748	549	199.905282331512	53.2962962962963	0.127555903593492	126423
49	1166	6	862	43	304	0.141447368421053	0.00696055684454756	0.71440329218107	1215
994	14	556	12	438	2	219	46.3333333333333	0.563492063492063	1008
27321	117	5908	72	21413	45	475.844444444444	82.0555555555556	0.21794591442525	27438
2063	48	1071	18	992	30	33.0666666666667	59.5	0.515869256276646	2111
66	1456	20	570	46	886	0.0519187358916479	0.0350877192982456	0.387647831800263	1522
70	3216	16	2208	54	1008	0.0535714285714286	0.0072463768115942	0.67681071211199	3286
89	12322	0	6598	89	5724	0.0155485674353599	0	0.53162517121908	12411
1377	13	298	2	1079	11	98.0909090909091	149	0.215827338129496	1390
47396	366	7421	209	39975	157	254.617834394904	35.5071770334928	0.159750429211507	47762
654	94927	53	22064	601	72863	0.00824835650467315	0.00240210297316896	0.23139536100271	95581
314	10262	66	7350	248	2912	0.0851648351648352	0.00897959183673469	0.701210287443268	10576
35192	22197	143	8313	35049	13884	2.52441659464131	0.0172019728136653	0.147345310076844	57389
249	113	0	1	249	112	2.22321428571429	0	0.00276243093922652	362
60	9381	37	7890	23	1491	0.0154258886653253	0.00468948035487959	0.839635631818663	9441
26600	104	5996	35	20604	69	298.608695652174	171.314285714286	0.225846315158778	26704
13902	74	7382	51	6520	23	283.478260869565	144.745098039216	0.53184029765312	13976
34	7564	0	2705	34	4859	0.00699732455237703	0	0.356014740721242	7598
11421	87	2557	22	8864	65	136.369230769231	116.227272727273	0.224104970455335	11508
17830	33494	6862	10354	10968	23140	0.473984442523768	0.662739038052926	0.335437612033357	51324
1005	3	17	0	988	3	329.333333333333	Inf	0.0168650793650794	1008
536	451	11	216	525	235	2.23404255319149	0.0509259259259259	0.229989868287741	987
57043	839	10139	438	46904	401	116.967581047382	23.148401826484	0.182733837807954	57882
274	2978	0	346	274	2632	0.104103343465046	0	0.10639606396064	3252
8862	42	3760	40	5102	2	2551	94	0.426774483378257	8904
1227	2259	106	753	1121	1506	0.744355909694555	0.140770252324037	0.246414228341939	3486
71	16862	14	9504	57	7358	0.0077466702908399	0.00147306397306397	0.562097679088171	16933
303	4316	13	2640	290	1676	0.173031026252983	0.00492424242424242	0.574366746048928	4619
383	206963	59	69472	324	137491	0.0023565178811704	0.000849263012436665	0.335338034010784	207346
56	30177	12	9716	44	20461	0.00215043253017937	0.00123507616303005	0.321767604935005	30233
89	11263	3	1127	86	10136	0.0084846093133386	0.00266193433895297	0.0995419309372798	11352
848	13889	194	7140	654	6749	0.0969032449251741	0.0271708683473389	0.497658953654068	14737
97	2722	13	2309	84	413	0.203389830508475	0.00563014291901256	0.823696346222065	2819
16	6642	0	1642	16	5000	0.0032	0	0.246620606788825	6658
200	314	16	115	184	199	0.924623115577889	0.139130434782609	0.254863813229572	514
57	10091	4	2956	53	7135	0.0074281709880869	0.0013531799729364	0.291683090264091	10148
690	58931	54	22365	636	36566	0.017393206804135	0.00241448692152917	0.376025226010969	59621
2229	17	1307	4	922	13	70.9230769230769	326.75	0.583704363312556	2246
309	100	59	25	250	75	3.33333333333333	2.36	0.205378973105134	409
392	782	214	198	178	584	0.304794520547945	1.08080808080808	0.350936967632027	1174
1224	43757	86	12909	1138	30848	0.0368905601659751	0.00666201874661089	0.288899757675463	44981
344	20259	98	11761	246	8498	0.0289479877618263	0.00833262477680469	0.575595787021308	20603
2080	27	1490	14	590	13	45.3846153846154	106.428571428571	0.713811105837684	2107
3	2227	0	1515	3	712	0.00421348314606742	0	0.679372197309417	2230
142	15351	4	11599	138	3752	0.0367803837953092	0.000344857315285801	0.748918866584909	15493
6087	20	2789	6	3298	14	235.571428571429	464.833333333333	0.457671524480105	6107
65178	512	7653	286	57525	226	254.535398230089	26.7587412587413	0.120855533566753	65690
5266	127	1746	105	3520	22	160	16.6285714285714	0.343222696087521	5393
3792	14	1186	5	2606	9	289.555555555556	237.2	0.312926957435628	3806
1989	21495	103	17052	1886	4443	0.424487958586541	0.0060403471733521	0.730497359904616	23484
107	9149	7	7647	100	1502	0.066577896138482	0.000915391656858899	0.826923076923077	9256
19770	195	7092	162	12678	33	384.181818181818	43.7777777777778	0.363335837716003	19965
64	3495	20	2519	44	976	0.0450819672131148	0.00793965859468043	0.713402641191346	3559
293	2776	5	2218	288	558	0.516129032258065	0.00225428313796213	0.724340175953079	3069
3067	69	977	58	2090	11	190	16.8448275862069	0.330038265306122	3136
9808	77	3381	14	6427	63	102.015873015873	241.5	0.343449671219019	9885
5800	41	523	39	5277	2	2638.5	13.4102564102564	0.0962164013011471	5841
1060	17	526	4	534	13	41.0769230769231	131.5	0.492107706592386	1077
139138	158376	47521	81364	91617	77012	1.18964576949047	0.58405437294135	0.433206504567852	297514
1784	30	355	23	1429	7	204.142857142857	15.4347826086957	0.208379272326351	1814
24341	54	10497	22	13844	32	432.625	477.136363636364	0.431194916991187	24395
6763	42	4426	8	2337	34	68.7352941176471	553.25	0.651579720793534	6805
269	24211	76	12396	193	11815	0.0163351671603893	0.00613101000322685	0.509477124183007	24480
147	13037	73	7148	74	5889	0.0125658006452708	0.0102126468942361	0.547709344660194	13184
13224	125	1798	42	11426	83	137.66265060241	42.8095238095238	0.137838040302644	13349
5407	98	1961	73	3446	25	137.84	26.8630136986301	0.369482288828338	5505
68	2143	4	1357	64	786	0.0814249363867685	0.00294767870302137	0.615558570782451	2211
44759	158	4666	40	40093	118	339.771186440678	116.65	0.104771022107443	44917
555	87461	247	30771	308	56690	0.00543305697653907	0.0080270384452894	0.352413197600436	88016
70360	63549	21133	27425	49227	36124	1.36272284353892	0.770574293527803	0.362619390780306	133909
104424	980	17730	763	86694	217	399.511520737327	23.2372214941022	0.175448749573071	105404
276	27112	64	8250	212	18862	0.0112395292121726	0.00775757575757576	0.30356360449832	27388
129	14773	17	4414	112	10359	0.0108118544261029	0.00385138196647032	0.297342638572004	14902
131	1414	43	1045	88	369	0.238482384823848	0.0411483253588517	0.7042071197411	1545
126	19068	38	13019	88	6049	0.0145478591502728	0.00291881096858438	0.680264666041471	19194
118	912	10	234	108	678	0.15929203539823	0.0427350427350427	0.236893203883495	1030
64	1379	10	1139	54	240	0.225	0.00877963125548727	0.796257796257796	1443
1578	30	117	13	1461	17	85.9411764705882	9	0.0808457711442786	1608
1676	39	225	36	1451	3	483.666666666667	6.25	0.152186588921283	1715
157	7991	34	2313	123	5678	0.0216625572384642	0.0146995244271509	0.288046146293569	8148
20	983	0	95	20	888	0.0225225225225225	0	0.094715852442672	1003
196	43862	44	18824	152	25038	0.00607077242591261	0.0023374415639609	0.428253665622588	44058
790	13496	37	3528	753	9968	0.0755417335473515	0.0104875283446712	0.249545009099818	14286
293	1692	105	773	188	919	0.204570184983678	0.135834411384217	0.442317380352645	1985
29332	65	4853	19	24479	46	532.152173913043	255.421052631579	0.165731197060925	29397
59	15466	14	2544	45	12922	0.00348243305989785	0.00550314465408805	0.164766505636071	15525
52	1123	50	876	2	247	0.00809716599190283	0.0570776255707763	0.788085106382979	1175
9	5168	0	1011	9	4157	0.002165022853019	0	0.195286845663512	5177
830	7	159	2	671	5	134.2	79.5	0.192353643966547	837
259	6474	82	4995	177	1479	0.119675456389452	0.0164164164164164	0.754047230060894	6733
3930	57	2456	54	1474	3	491.333333333333	45.4814814814815	0.629546024579885	3987
184	17963	79	2120	105	15843	0.00662753266426813	0.0372641509433962	0.121177054058522	18147
9184	203	2842	166	6342	37	171.405405405405	17.1204819277108	0.32044316608075	9387
622	283456	25	28682	597	254774	0.0023432532362015	0.000871626804267485	0.101053231858856	284078
18230	60	11744	28	6486	32	202.6875	419.428571428571	0.643630399125205	18290
14293	131	2847	29	11446	102	112.21568627451	98.1724137931034	0.199389905712701	14424
107119	1295	20180	250	86939	1045	83.1952153110048	80.72	0.188444296862029	108414
5037	66	2962	56	2075	10	207.5	52.8928571428571	0.591416813639036	5103
448	19976	3	245	445	19731	0.0225533424560337	0.0122448979591837	0.0121425773599687	20424
1567	53	994	41	573	12	47.75	24.2439024390244	0.638888888888889	1620
263	9710	33	5568	230	4142	0.0555287300820859	0.00592672413793103	0.561616364183295	9973
1459	339	643	325	816	14	58.2857142857143	1.97846153846154	0.538375973303671	1798
25	8939	0	6167	25	2772	0.00901875901875902	0	0.68797411869701	8964
308	4020	129	3399	179	621	0.288244766505636	0.0379523389232127	0.815157116451017	4328
11024	208	1730	159	9294	49	189.673469387755	10.8805031446541	0.168180199430199	11232
26	1030	1	892	25	138	0.181159420289855	0.00112107623318386	0.845643939393939	1056
139243	1266	24919	506	114324	760	150.426315789474	49.2470355731225	0.180949263036531	140509
302	456	51	178	251	278	0.902877697841727	0.286516853932584	0.302110817941952	758
123	40887	4	14891	119	25996	0.00457762732728112	0.0002686186287019	0.363204096561814	41010
21205	219	14429	207	6776	12	564.666666666667	69.7053140096618	0.683159073935773	21424
632	55580	63	18259	569	37321	0.0152461080892795	0.00345035325045183	0.325944638155554	56212
1108	56	21	0	1087	56	19.4107142857143	Inf	0.0180412371134021	1164
112	1680	13	1529	99	151	0.655629139072848	0.00850228907782865	0.860491071428571	1792
35	1249	2	808	33	441	0.0748299319727891	0.00247524752475248	0.630841121495327	1284
1508	112	786	68	722	44	16.4090909090909	11.5588235294118	0.52716049382716	1620
34	1542	21	1224	13	318	0.0408805031446541	0.017156862745098	0.78997461928934	1576
498	3301	45	1497	453	1804	0.251108647450111	0.030060120240481	0.405896288496973	3799
48	933	1	626	47	307	0.153094462540717	0.00159744408945687	0.63914373088685	981
66	7568	15	5858	51	1710	0.0298245614035088	0.00256060088767497	0.769321456641341	7634
353	31592	156	10212	197	21380	0.00921421889616464	0.0152761457109283	0.324557833776804	31945
141	13421	44	5241	97	8180	0.0118581907090465	0.00839534439992368	0.38969178587229	13562
6	1931	0	762	6	1169	0.00513259195893926	0	0.393391843056273	1937
937	32	319	11	618	21	29.4285714285714	29	0.340557275541796	969
1550	357	757	333	793	24	33.0416666666667	2.27327327327327	0.571578395385422	1907
222	19831	98	7201	124	12630	0.00981789390340459	0.0136092209415359	0.363985438587742	20053
42	689	4	181	38	508	0.0748031496062992	0.0220994475138122	0.253077975376197	731
329	49733	59	25320	270	24413	0.0110596813173309	0.00233017377567141	0.506951380288442	50062
1463	319	754	168	709	151	4.6953642384106	4.48809523809524	0.517396184062851	1782
23	2209	0	1402	23	807	0.0285006195786865	0	0.628136200716846	2232
133	8739	40	6629	93	2110	0.0440758293838863	0.00603409262332177	0.751690712353472	8872
18168	112	7075	56	11093	56	198.089285714286	126.339285714286	0.390098468271335	18280
176	9486	97	6417	79	3069	0.0257412838057999	0.015116097865046	0.67418753881184	9662
5992	51	4074	35	1918	16	119.875	116.4	0.679960284626841	6043
19224	96	3360	57	15864	39	406.769230769231	58.9473684210526	0.176863354037267	19320
72	5136	31	2318	41	2818	0.0145493257629524	0.0133735979292494	0.451036866359447	5208
75	14799	6	7500	69	7299	0.00945334977394164	8e-04	0.504638967325534	14874
72	905	5	627	67	278	0.241007194244604	0.00797448165869218	0.646878198567042	977
323	17533	220	9621	103	7912	0.0130182002022245	0.0228666458788068	0.551131272401434	17856
25427	44	8623	16	16804	28	600.142857142857	538.9375	0.339170036512112	25471
2742	88	155	73	2587	15	172.466666666667	2.12328767123288	0.080565371024735	2830
417891	1374	1190	528	416701	846	492.554373522459	2.25378787878788	0.00409764707285368	419265
733	58	30	11	703	47	14.9574468085106	2.72727272727273	0.0518331226295828	791
49	8822	3	4271	46	4551	0.010107668644254	0.000702411613205338	0.481794611655958	8871
20107	125	6722	27	13385	98	136.581632653061	248.962962962963	0.333580466587584	20232
298	2118	3	1445	295	673	0.438335809806835	0.00207612456747405	0.599337748344371	2416
24141	108	3698	28	20443	80	255.5375	132.071428571429	0.153655820858592	24249
32316	238	6384	105	25932	133	194.977443609023	60.8	0.199330343429379	32554
723	130179	308	41975	415	88204	0.00470500204072378	0.00733770101250745	0.32301263540664	130902
14	1293	6	465	8	828	0.00966183574879227	0.0129032258064516	0.360367253251721	1307
131	10444	80	2935	51	7509	0.00679184978026368	0.0272572402044293	0.285106382978723	10575
1493	6447	29	5074	1464	1373	1.06627822286963	0.00571541190382341	0.642695214105793	7940
154	61666	33	18886	121	42780	0.0028284244974287	0.00174732606163296	0.306033646069233	61820
272	44616	64	23283	208	21333	0.00975015234613041	0.00274878666838466	0.520116734984851	44888
42328	311	12547	256	29781	55	541.472727272727	49.01171875	0.300265015596051	42639
68491	650	9235	209	59256	441	134.367346938776	44.1866028708134	0.136590445611142	69141
12037	41	6060	33	5977	8	747.125	183.636363636364	0.504470938897168	12078
360	8577	34	4021	326	4556	0.0715539947322213	0.00845560805769709	0.453731677296632	8937
36	51189	10	23648	26	27541	0.000944047057114847	0.000422868741542625	0.461844802342606	51225
1047	18	102	5	945	13	72.6923076923077	20.4	0.100469483568075	1065
273	70795	159	32819	114	37976	0.00300189593427428	0.00484475456290563	0.464034445882816	71068
84	7010	30	2603	54	4407	0.0122532334921715	0.0115251632731464	0.371158725683676	7094
3844	160	2653	94	1191	66	18.0454545454545	28.2234042553191	0.686063936063936	4004
76	17625	0	7086	76	10539	0.00721131037100294	0	0.400316366306988	17701
79	18915	35	11793	44	7122	0.0061780398764392	0.00296786229118969	0.622722965146889	18994
127175	767	15228	72	111947	695	161.074820143885	211.5	0.119585437151209	127942
3458	113	1196	84	2262	29	78	14.2380952380952	0.358443013161579	3571
93	33225	2	8281	91	24944	0.00364817190506735	0.000241516725033209	0.248604358004682	33318
21037	195	5227	89	15810	106	149.150943396226	58.7303370786517	0.250376789751319	21232
14343	349	6543	193	7800	156	50	33.9015544041451	0.458480805880751	14692
115	8396	26	7182	89	1214	0.0733113673805601	0.00362016151489836	0.84690400657972	8511
229	2449	0	789	229	1660	0.137951807228916	0	0.29462285287528	2678
31195	261	13216	168	17979	93	193.322580645161	78.6666666666667	0.425483214649034	31456
110	31847	35	8663	75	23184	0.00323498964803313	0.00404017084150987	0.272178239509341	31957
10077	94	3383	90	6694	4	1673.5	37.5888888888889	0.341461016615869	10171
744	37	99	30	645	7	92.1428571428571	3.3	0.1651728553137	781
66044	262	10849	77	55195	185	298.351351351351	140.896103896104	0.164781467740476	66306
5204	73	1216	43	3988	30	132.933333333333	28.2790697674419	0.238582527951488	5277
2238	6449	10	3641	2228	2808	0.793447293447293	0.00274649821477616	0.420283181765857	8687
88801	1162	16374	840	72427	322	224.928571428571	19.4928571428571	0.191345330858242	89963
52	3338	2	2397	50	941	0.053134962805526	0.000834376303712975	0.707669616519174	3390
22	1938	22	1642	0	296	0	0.0133982947624848	0.848979591836735	1960
130	16964	77	10735	53	6229	0.00850858885856478	0.0071727992547741	0.632502632502633	17094
254	179	13	45	241	134	1.79850746268657	0.288888888888889	0.133949191685912	433
1263	114	696	47	567	67	8.46268656716418	14.8085106382979	0.539578794480755	1377
871	210	164	16	707	194	3.64432989690722	10.25	0.166512488436633	1081
2151	22	594	8	1557	14	111.214285714286	74.25	0.277036355269213	2173
38	1576	0	257	38	1319	0.0288097043214556	0	0.159231722428748	1614
1958	10989	1093	4299	865	6690	0.129297458893871	0.254245173296115	0.416467135243686	12947
114	6737	14	4463	100	2274	0.0439753737906772	0.00313690342818732	0.653481243614071	6851
3184	7045	1266	3319	1918	3726	0.514761137949544	0.381440192829165	0.448235409130902	10229
19	527	5	57	14	470	0.0297872340425532	0.087719298245614	0.113553113553114	546
88	11718	10	6492	78	5226	0.0149253731343284	0.00154035736290819	0.550736913433847	11806
192	381	43	154	149	227	0.656387665198238	0.279220779220779	0.343804537521815	573
3339	33	539	28	2800	5	560	19.25	0.168149466192171	3372
51444	625	9409	201	42035	424	99.1391509433962	46.8109452736318	0.18456279168027	52069
6	1642	0	408	6	1234	0.00486223662884927	0	0.247572815533981	1648
1883	14	157	2	1726	12	143.833333333333	78.5	0.0838165524512388	1897
61717	251	26089	150	35628	101	352.752475247525	173.926666666667	0.423428221017299	61968
419	37879	39	9622	380	28257	0.0134479951870333	0.00405321139056329	0.252258603582433	38298
5582	18	2765	7	2817	11	256.090909090909	395	0.495	5600
2477	5431	1193	2544	1284	2887	0.444752338067198	0.468946540880503	0.472559433485078	7908
5738	1484	12	1270	5726	214	26.7570093457944	0.0094488188976378	0.1775131542509	7222
34358	84	6058	24	28300	60	471.666666666667	252.416666666667	0.176586725509552	34442
1743	10	1144	5	599	5	119.8	228.8	0.655447803764974	1753
238	34141	96	23168	142	10973	0.0129408548254807	0.00414364640883978	0.67669216672969	34379
13359	31	1505	2	11854	29	408.758620689655	752.5	0.112546676624347	13390
4610	95124	51	19113	4559	76011	0.0599781610556367	0.00266834091979281	0.192151121984479	99734
107	3640	38	2696	69	944	0.0730932203389831	0.0140949554896142	0.729650386976248	3747
91	26655	15	16700	76	9955	0.00763435459568056	0.000898203592814371	0.624953264039483	26746
1559	10	0	2	1559	8	194.875	0	0.00127469725940089	1569
93	32386	20	8871	73	23515	0.00310440144588561	0.00225453725622816	0.273746112872933	32479
106	10249	10	1059	96	9190	0.0104461371055495	0.00944287063267233	0.103235152100435	10355
15	17872	2	10502	13	7370	0.00176390773405699	0.000190439916206437	0.587242131156706	17887
251	55298	65	30559	186	24739	0.00751849306762602	0.00212703295264897	0.55129705305226	55549
253	41640	46	26287	207	15353	0.0134827069628086	0.00174991440636056	0.628577566657914	41893
208	5357	30	3283	178	2074	0.085824493731919	0.00913798355162961	0.595327942497754	5565
139	2125	26	1008	113	1117	0.101163831692032	0.0257936507936508	0.456713780918728	2264
44867	588	8893	390	35974	198	181.686868686869	22.8025641025641	0.204223957760422	45455
293	13593	49	11773	244	1820	0.134065934065934	0.00416206574365073	0.851361083105286	13886
629	7064	10	1414	619	5650	0.109557522123894	0.00707213578500707	0.185103340699337	7693
4219	233	2511	136	1708	97	17.6082474226804	18.4632352941176	0.594564240790656	4452
153	56208	68	2567	85	53641	0.00158460878805391	0.0264900662251656	0.046752186795834	56361
24	1304	4	687	20	617	0.0324149108589951	0.00582241630276565	0.520331325301205	1328
57530	4895	14153	1130	43377	3765	11.5211155378486	12.5247787610619	0.244821786143372	62425
692	63043	90	29186	602	33857	0.0177806657412057	0.00308367025286096	0.459339452420177	63735
663	112	119	35	544	77	7.06493506493506	3.4	0.198709677419355	775
3554	89	1219	82	2335	7	333.571428571429	14.8658536585366	0.357123250068625	3643
162938	823	50855	80	112083	743	150.851951547779	635.6875	0.311032541325468	163761
28437	770	1233	598	27204	172	158.162790697674	2.061872909699	0.0626904509193002	29207
79	18024	1	5075	78	12949	0.00602363116842999	0.000197044334975369	0.280395514555599	18103
342	1105	18	896	324	209	1.55023923444976	0.0200892857142857	0.631651693158258	1447
209	6194	61	4726	148	1468	0.100817438692098	0.012907321201862	0.747618303920037	6403
2275	123772	24	49859	2251	73913	0.0304547237968964	0.00048135742794681	0.395749204661753	126047
53724	2355	17520	1463	36204	892	40.5874439461883	11.9753930280246	0.338504609568644	56079
8559	70	3725	43	4834	27	179.037037037037	86.6279069767442	0.436667052960946	8629
19315	100	4831	44	14484	56	258.642857142857	109.795454545455	0.251094514550605	19415
51	23552	14	12620	37	10932	0.00338455909257227	0.00110935023771791	0.535270940134729	23603
14	4712	0	1719	14	2993	0.00467758102238557	0	0.363732543377063	4726
262	8537	71	5368	191	3169	0.0602713789839066	0.0132265275707899	0.618138424821002	8799
170953	1480	18940	90	152013	1390	109.361870503597	210.444444444444	0.110361705705984	172433
295	50670	0	23820	295	26850	0.0109869646182495	0	0.4673795742176	50965
90	81920	12	28001	78	53919	0.00144661436599343	0.000428556122995607	0.341580295085965	82010
14	11559	0	6825	14	4734	0.00295732995352767	0	0.589734727382701	11573
3160	107	2030	73	1130	34	33.2352941176471	27.8082191780822	0.643709825528007	3267
114	15809	7	12788	107	3021	0.0354187355180404	0.000547388176415389	0.803554606543993	15923
8	1550	0	268	8	1282	0.0062402496099844	0	0.17201540436457	1558
27	1349	16	965	11	384	0.0286458333333333	0.016580310880829	0.712936046511628	1376
613	251276	7	45251	606	206025	0.00294139060793593	0.000154692713973172	0.179674380381835	251889
39297	437	13150	114	26147	323	80.9504643962848	115.350877192982	0.333819902350632	39734
1312	56166	336	39356	976	16810	0.0580606781677573	0.00853745299319036	0.69055986638366	57478
170	11789	86	8304	84	3485	0.024103299856528	0.0103564547206166	0.701563675892633	11959
2406	37	307	33	2099	4	524.75	9.3030303030303	0.139173147769136	2443
10751	112	3732	42	7019	70	100.271428571429	88.8571428571429	0.347417840375587	10863
118	14320	4	5233	114	9087	0.0125453945196434	0.000764379896808714	0.362723368887658	14438
31052	132	8881	57	22171	75	295.613333333333	155.80701754386	0.286621344279118	31184
201	25253	72	5357	129	19896	0.00648371531966224	0.0134403584095576	0.213286713286713	25454
338	21442	15	7684	323	13758	0.0234772496002326	0.00195210827693909	0.353489439853076	21780
19	578	0	169	19	409	0.0464547677261614	0	0.283082077051926	597
9464	75423	308	33377	9156	42046	0.217761499310279	0.00922791143601881	0.3968216570264	84887
14917	96	7500	63	7417	33	224.757575757576	119.047619047619	0.503763405048958	15013
191	14595	44	4278	147	10317	0.0142483280023263	0.0102851799906498	0.292303530366563	14786
172	9038	15	6026	157	3012	0.052124833997344	0.00248921340856289	0.655917480998914	9210
622	59672	22	55510	600	4162	0.144161460836136	0.000396324986488921	0.921020333698212	60294
35	2489	26	941	9	1548	0.00581395348837209	0.0276301806588735	0.383122028526149	2524
10800	37389	6935	8037	3865	29352	0.131677568819842	0.862884160756501	0.310693311751645	48189
5849	100	2387	49	3462	51	67.8823529411765	48.7142857142857	0.409480584972264	5949
817	1052	34	705	783	347	2.25648414985591	0.0482269503546099	0.395398608881755	1869
35	1923	0	1340	35	583	0.0600343053173242	0	0.684371807967314	1958
6	1054	2	301	4	753	0.00531208499335989	0.00664451827242525	0.285849056603774	1060
25131	245	7375	204	17756	41	433.073170731707	36.1519607843137	0.298668032786885	25376
143	283	2	104	141	179	0.787709497206704	0.0192307692307692	0.248826291079812	426
1087	16	54	11	1033	5	206.6	4.90909090909091	0.0589301903898459	1103
3960	129225	51	34052	3909	95173	0.0410725731037164	0.00149770938564548	0.256057363817247	133185
291	5568	2	4390	289	1178	0.245331069609508	0.000455580865603645	0.749615975422427	5859
1327	12928	1004	9981	323	2947	0.109602986087547	0.100591123133955	0.770606804629954	14255
224	10543	50	571	174	9972	0.0174488567990373	0.0875656742556918	0.0576762329339649	10767
75	1829	54	1278	21	551	0.0381125226860254	0.0422535211267606	0.699579831932773	1904
9659	2951	4693	2140	4966	811	6.1233045622688	2.19299065420561	0.541871530531324	12610
103	5564	0	270	103	5294	0.0194559879108425	0	0.0476442562202223	5667
8351	58	4512	26	3839	32	119.96875	173.538461538462	0.539659888215008	8409
54	5707	2	4690	52	1017	0.0511307767944936	0.000426439232409382	0.814441937163687	5761
285	17618	22	10240	263	7378	0.0356465166711846	0.0021484375	0.573200022342624	17903
54	1384	1	1202	53	182	0.291208791208791	0.000831946755407654	0.836578581363004	1438
8508	156	3940	120	4568	36	126.888888888889	32.8333333333333	0.468605724838412	8664
20	2465	4	1733	16	732	0.0218579234972678	0.00230813618003462	0.698993963782696	2485
9259	114	617	61	8642	53	163.056603773585	10.1147540983607	0.0723354315587325	9373
8815	14	2218	0	6597	14	471.214285714286	Inf	0.251217578434704	8829
151	37773	0	14249	151	23524	0.00641897636456385	0	0.375725134479485	37924
622	8550	18	6187	604	2363	0.255607278882776	0.00290932600614191	0.676515481901439	9172
602	81047	148	22218	454	58829	0.00771728229274677	0.00666126564047169	0.273928645788681	81649
338	14816	114	4158	224	10658	0.0210170763745543	0.0274170274170274	0.281905767454138	15154
308	1986	123	1336	185	650	0.284615384615385	0.0920658682634731	0.636006974716652	2294
830	235858	228	106629	602	129229	0.00465839710900804	0.00213825507132206	0.451467755019266	236688
850	68925	83	13217	767	55708	0.0137682200043082	0.0062797911780283	0.190612683625941	69775
2360	3	707	0	1653	3	551	Inf	0.299195937367753	2363
5917	444	3594	429	2323	15	154.866666666667	8.37762237762238	0.6324477283446	6361
20	1097	3	231	17	866	0.0196304849884527	0.012987012987013	0.209489704565801	1117
820	12063	58	5585	762	6478	0.117628897807965	0.0103849597135184	0.438019094931305	12883
133	30532	9	24372	124	6160	0.0201298701298701	0.000369276218611521	0.795075819338008	30665
563	145	69	23	494	122	4.04918032786885	3	0.129943502824859	708
74	5959	11	4403	63	1556	0.0404884318766067	0.00249829661594367	0.731642632189624	6033
1515	14	34	10	1481	4	370.25	3.4	0.0287769784172662	1529
468	72962	91	32715	377	40247	0.00936715780058141	0.0027815986550512	0.446765627127877	73430
281	34105	143	23697	138	10408	0.0132590315142198	0.00603451913744356	0.693305414994475	34386
15	1284	12	1102	3	182	0.0164835164835165	0.0108892921960073	0.857582755966128	1299
157	23634	68	12356	89	11278	0.00789147011881539	0.00550339915830366	0.52221428271195	23791
4150	11	1837	6	2313	5	462.6	306.166666666667	0.442922374429224	4161
84	14514	26	4500	58	10014	0.00579189135210705	0.00577777777777778	0.310042471571448	14598
1040	54856	299	23900	741	30956	0.0239372011887841	0.012510460251046	0.432929011020467	55896
655	22877	71	11304	584	11573	0.0504622828998531	0.00628096249115357	0.48338432772395	23532
15976	35	4684	14	11292	21	537.714285714286	334.571428571429	0.293423271500843	16011
10090	81	4922	69	5168	12	430.666666666667	71.3333333333333	0.49070887818307	10171
38	2358	25	1912	13	446	0.0291479820627803	0.0130753138075314	0.808430717863105	2396
559	1344	0	1036	559	308	1.81493506493506	0	0.544403573305307	1903
105098	3189	19119	1961	85979	1228	70.0154723127036	9.74961754207037	0.194667873336596	108287
8	929	0	809	8	120	0.0666666666666667	0	0.863393810032017	937
29	6750	4	1221	25	5529	0.00452161331162959	0.00327600327600328	0.180705118749078	6779
94	2485	1	682	93	1803	0.0515806988352745	0.00146627565982405	0.264831329972858	2579
116	16664	61	5283	55	11381	0.00483261576311396	0.0115464698088207	0.318474374255066	16780
2811	39	559	11	2252	28	80.4285714285714	50.8181818181818	0.2	2850
922	9	136	6	786	3	262	22.6666666666667	0.152524167561762	931
149982	668	30987	157	118995	511	232.866927592955	197.369426751592	0.206730833056754	150650
852	33	249	8	603	25	24.12	31.125	0.290395480225989	885
32	2006	5	1019	27	987	0.027355623100304	0.00490677134445535	0.502453385672228	2038
10	2058	0	1621	10	437	0.022883295194508	0	0.78384912959381	2068
33	2924	8	1442	25	1482	0.0168690958164642	0.00554785020804438	0.490361853229625	2957
1651	30	544	9	1107	21	52.7142857142857	60.4444444444444	0.328970850684117	1681
275	4120	149	2887	126	1233	0.102189781021898	0.0516106685140284	0.690784982935154	4395
5796	28	1812	23	3984	5	796.8	78.7826086956522	0.315075549450549	5824
406	2980	24	1998	382	982	0.389002036659878	0.012012012012012	0.597164796219728	3386
1612	15	490	9	1122	6	187	54.4444444444444	0.306699446834665	1627
51	18461	18	13389	33	5072	0.00650630914826498	0.00134438718350885	0.724232929991357	18512
310	19674	87	13829	223	5845	0.0381522668947819	0.0062911273410948	0.696357085668535	19984
969	150	142	30	827	120	6.89166666666667	4.73333333333333	0.153708668453977	1119
3500	74	55	55	3445	19	181.315789473684	1	0.0307778399552322	3574
305	13626	187	4078	118	9548	0.0123586091328027	0.0458558116723884	0.306151747900366	13931
223	8632	100	3511	123	5121	0.0240187463386057	0.0284819139846198	0.407792207792208	8855
148	56874	85	22113	63	34761	0.00181237593855183	0.00384389273278162	0.389288344849356	57022
12	891	2	149	10	742	0.0134770889487871	0.0134228187919463	0.167220376522702	903
114	11011	3	9317	111	1694	0.0655253837072019	0.000321992057529248	0.837752808988764	11125
142	66477	35	27326	107	39151	0.00273300809685576	0.00128083144258216	0.410708656689533	66619
17558	67	6651	46	10907	21	519.380952380952	144.586956521739	0.379971631205674	17625
10	1129	8	822	2	307	0.00651465798045603	0.0097323600973236	0.728709394205443	1139
187	15623	28	12025	159	3598	0.0441912173429683	0.00232848232848233	0.762365591397849	15810
58	3149	0	2533	58	616	0.0941558441558442	0	0.789834736513876	3207
1230	192	146	69	1084	123	8.8130081300813	2.11594202898551	0.151195499296765	1422
253	6057	118	5190	135	867	0.155709342560554	0.0227360308285164	0.841204437400951	6310
66082	540	7247	190	58835	350	168.1	38.1421052631579	0.111629791960614	66622
907	130125	169	58095	738	72030	0.0102457309454394	0.00290902831568982	0.444654740826668	131032
1747	4	1110	2	637	2	318.5	555	0.635065676756139	1751
1350	181	0	37	1350	144	9.375	0	0.0241672109732201	1531
4263	27681	102	15791	4161	11890	0.349957947855341	0.00645937559369261	0.497526922113699	31944
2268	97	1388	95	880	2	440	14.6105263157895	0.627061310782241	2365
2483	24	1364	18	1119	6	186.5	75.7777777777778	0.551256481850818	2507
56	2504	20	1945	36	559	0.0644007155635063	0.0102827763496144	0.767578125	2560
314	68368	52	38081	262	30287	0.00865057615478588	0.00136551035949686	0.555210972307155	68682
362	18672	36	1417	326	17255	0.0188930744711678	0.0254057868736768	0.0763370810129242	19034
16	3529	0	592	16	2937	0.00544773578481444	0	0.166995768688293	3545
17	6846	1	3200	16	3646	0.00438837081733406	0.0003125	0.466414104618971	6863
413	13894	134	9586	279	4308	0.0647632311977716	0.0139787189651575	0.67938771230866	14307
7	3084	0	2414	7	670	0.0104477611940299	0	0.78097703008735	3091
8513	164	5337	88	3176	76	41.7894736842105	60.6477272727273	0.625216088509854	8677
789	156	264	133	525	23	22.8260869565217	1.98496240601504	0.42010582010582	945
61	1988	17	1766	44	222	0.198198198198198	0.00962627406568516	0.870180575890678	2049
157	1997	75	650	82	1347	0.0608760207869339	0.115384615384615	0.336583101207057	2154
3153	552	1993	416	1160	136	8.52941176470588	4.79086538461539	0.650202429149798	3705
255	139496	37	21110	218	118386	0.00184143395333908	0.00175272382756987	0.151319131884566	139751
114	40426	34	25194	80	15232	0.00525210084033613	0.00134952766531714	0.622298963986186	40540
154	14138	2	1913	152	12225	0.0124335378323108	0.00104547830632514	0.133991043940666	14292
92	879	9	485	83	394	0.210659898477157	0.0185567010309278	0.50875386199794	971
345	67711	65	17237	280	50474	0.00554741054800491	0.00377095782328711	0.25423180909839	68056
220	99161	53	18213	167	80948	0.00206305282403518	0.0029100093339922	0.183797707811352	99381
15	1136	0	934	15	202	0.0742574257425743	0	0.811468288444831	1151
7	5416	2	4070	5	1346	0.0037147102526003	0.000491400491400491	0.750875898948921	5423
284	13177	0	8292	284	4885	0.0581371545547595	0	0.61600178292846	13461
5147	7979	2840	5314	2307	2665	0.865666041275797	0.53443733534061	0.621209812585708	13126
416	51802	199	24161	217	27641	0.00785065663326218	0.00823641405570961	0.466505802596806	52218
105	7353	37	4254	68	3099	0.0219425621168119	0.00869769628584861	0.575355323142934	7458
12806	78	4478	22	8328	56	148.714285714286	203.545454545455	0.349270412915244	12884
838	13	8	7	830	6	138.333333333333	1.14285714285714	0.0176263219741481	851
1809	11355	7	9227	1802	2128	0.846804511278195	0.000758643112604313	0.701458523245214	13164
0	5068	0	2460	0	2608	0	0	0.485398579321231	5068
8463	87444	75	10664	8388	76780	0.109247199791612	0.00703300825206302	0.111973057232527	95907
37	2569	10	1229	27	1340	0.0201492537313433	0.0081366965012205	0.47544128933231	2606
75	863	17	680	58	183	0.316939890710383	0.025	0.743070362473348	938
642	7	190	3	452	4	113	63.3333333333333	0.297380585516179	649
127	7575	53	2684	74	4891	0.015129830300552	0.0197466467958271	0.355362243573098	7702
105332	457	14136	79	91196	378	241.259259259259	178.936708860759	0.134371248428476	105789
3542	78876	45	22224	3497	56652	0.0617277412977477	0.00202483801295896	0.27019583100779	82418
117	1029	69	760	48	269	0.178438661710037	0.0907894736842105	0.723385689354276	1146
2661	10	1454	5	1207	5	241.4	290.8	0.54623736428304	2671
240	10691	3	7361	237	3330	0.0711711711711712	0.000407553321559571	0.673680358613119	10931
20	2980	0	1642	20	1338	0.0149476831091181	0	0.547333333333333	3000
848	233438	154	64552	694	168886	0.00410928081664555	0.00238567356549758	0.27618380953194	234286
4503	71	499	8	4004	63	63.5555555555556	62.375	0.110843900306078	4574
3	831	0	296	3	535	0.00560747663551402	0	0.354916067146283	834
34	1016	0	713	34	303	0.112211221122112	0	0.679047619047619	1050
2073	31	1490	30	583	1	583	49.6666666666667	0.722433460076046	2104
37	929	11	601	26	328	0.0792682926829268	0.0183028286189684	0.633540372670807	966
657	45492	139	22093	518	23399	0.0221376981922304	0.00629158557009007	0.48174391644456	46149
18487	8674	3478	5782	15009	2892	5.18983402489627	0.601521964718091	0.340930009940724	27161
128	19681	42	10513	86	9168	0.0093804537521815	0.00399505374298488	0.532838608713211	19809
216	3165	26	2574	190	591	0.321489001692047	0.0101010101010101	0.769003253475303	3381
8633	84	2653	67	5980	17	351.764705882353	39.5970149253731	0.312033956636457	8717
273	146	16	83	257	63	4.07936507936508	0.192771084337349	0.236276849642005	419
135	6919	46	4744	89	2175	0.0409195402298851	0.0096964586846543	0.679047349021832	7054
10	1644	1	380	9	1264	0.00712025316455696	0.00263157894736842	0.230350665054414	1654
1347	68	283	21	1064	47	22.6382978723404	13.4761904761905	0.214840989399293	1415
36768	420	9522	297	27246	123	221.512195121951	32.0606060606061	0.264036786060019	37188
3219	71	83	1	3136	70	44.8	83	0.025531914893617	3290
7	2294	2	1409	5	885	0.00564971751412429	0.0014194464158978	0.613211647109952	2301
63	1659	2	1379	61	280	0.217857142857143	0.00145032632342277	0.801974448315912	1722
3238	15	1415	14	1823	1	1823	101.071428571429	0.439286812173378	3253
27	1460	3	609	24	851	0.0282021151586369	0.00492610837438424	0.411566913248151	1487
34	4716	0	2446	34	2270	0.0149779735682819	0	0.514947368421053	4750
29	1667	3	1406	26	261	0.0996168582375479	0.00213371266002845	0.830778301886792	1696
22238	170	4645	104	17593	66	266.560606060606	44.6634615384615	0.21193323812924	22408
328	131	73	24	255	107	2.38317757009346	3.04166666666667	0.211328976034858	459
192	30825	135	17178	57	13647	0.00417674214112992	0.00785888927698219	0.55817777347906	31017
126	6679	37	3509	89	3170	0.0280757097791798	0.0105443146195497	0.521087435709037	6805
29	1262	6	827	23	435	0.0528735632183908	0.00725513905683192	0.645236250968242	1291
4451	32667	317	20092	4134	12575	0.328747514910537	0.0157774238502887	0.54984104747023	37118
70	836	28	710	42	126	0.333333333333333	0.0394366197183099	0.814569536423841	906
458	15699	130	6231	328	9468	0.0346430080270384	0.0208634248114267	0.393699325369809	16157
562	21	186	4	376	17	22.1176470588235	46.5	0.32590051457976	583
527	16136	157	11085	370	5051	0.0732528212235201	0.0141632837167343	0.674668427053952	16663
39356	101	10336	43	29020	58	500.344827586207	240.372093023256	0.263045847378159	39457
9	1095	0	896	9	199	0.0452261306532663	0	0.811594202898551	1104
20	1015	1	563	19	452	0.0420353982300885	0.00177619893428064	0.544927536231884	1035
5632	48	3587	18	2045	30	68.1666666666667	199.277777777778	0.634683098591549	5680
95	1480	64	1103	31	377	0.0822281167108753	0.0580235720761559	0.740952380952381	1575
209	16630	8	5836	201	10794	0.018621456364647	0.00137080191912269	0.34705148761803	16839
56	18860	26	5297	30	13563	0.002211900022119	0.00490843873890882	0.281401987735251	18916
1647	46	0	10	1647	36	45.75	0	0.00590667454223272	1693
303	35922	180	18699	123	17223	0.00714161295941474	0.00962618321835392	0.521159420289855	36225
47	1020	8	880	39	140	0.278571428571429	0.00909090909090909	0.83223992502343	1067
46527	225	6391	52	40136	173	232	122.903846153846	0.137812286105407	46752
460	30	45	6	415	24	17.2916666666667	7.5	0.104081632653061	490
141	15010	56	7205	85	7805	0.0108904548366432	0.00777238029146426	0.479242294238004	15151
218	40414	74	15484	144	24930	0.00577617328519856	0.00477912684060966	0.382900177200236	40632
4376	646	2410	53	1966	593	3.31534569983137	45.4716981132075	0.490442054958184	5022
151	397	37	86	114	311	0.366559485530547	0.430232558139535	0.224452554744526	548
135	5552	8	2064	127	3488	0.0364105504587156	0.00387596899224806	0.364339722173378	5687
259	4885	0	629	259	4256	0.0608552631578947	0	0.122278382581649	5144
46239	438	5629	41	40610	397	102.292191435768	137.292682926829	0.121473102384472	46677
1658	1	858	0	800	1	800	Inf	0.517179023508137	1659
33	4821	0	3614	33	1207	0.0273405136702568	0	0.744540585084466	4854
32572	48	11988	12	20584	36	571.777777777778	999	0.367872470876763	32620
49	19345	19	6186	30	13159	0.00227980849608633	0.00307145166505011	0.319944312674023	19394
150	42773	9	19370	141	23403	0.0060248686065889	0.000464636035105834	0.451482887962165	42923
145163	651	29652	287	115511	364	317.337912087912	103.317073170732	0.205323219992593	145814
7	822	2	378	5	444	0.0112612612612613	0.00529100529100529	0.4583835946924	829
44	6581	16	3229	28	3352	0.00835322195704057	0.00495509445648808	0.489811320754717	6625
94	5239	43	2073	51	3166	0.0161086544535692	0.0207428847081524	0.396774798424902	5333
928	2457	44	1492	884	965	0.916062176165803	0.0294906166219839	0.453766617429838	3385
1208	18	555	2	653	16	40.8125	277.5	0.454323001631321	1226
35784	153	11485	23	24299	130	186.915384615385	499.347826086957	0.320227064028717	35937
36	2148	12	1736	24	412	0.058252427184466	0.00691244239631336	0.8003663003663	2184
12	1472	0	1301	12	171	0.0701754385964912	0	0.876684636118598	1484
8900	39	2620	32	6280	7	897.142857142857	81.875	0.296677480702539	8939
282	53486	10	24241	272	29245	0.00930073516840486	0.000412524235798853	0.451030352626097	53768
4	1119	4	538	0	581	0	0.00743494423791822	0.482635796972395	1123
154	26933	68	13662	86	13271	0.00648029538090573	0.00497730932513541	0.506885221693063	27087
309867	651	5905	220	303962	431	705.248259860789	26.8409090909091	0.0197251045027985	310518
37	9983	0	1107	37	8876	0.00416854438936458	0	0.110479041916168	10020
77	11573	26	6411	51	5162	0.0098798915149167	0.00405552955857121	0.552532188841202	11650
1526	1900	33	112	1493	1788	0.835011185682327	0.294642857142857	0.0423234092235844	3426
1459	14	168	2	1291	12	107.583333333333	84	0.11541072640869	1473
110	5967	27	2141	83	3826	0.0216936748562467	0.0126109294722092	0.356754977785091	6077
79	4540	0	3542	79	998	0.0791583166332665	0	0.766832647759255	4619
499	60218	145	16313	354	43905	0.00806286299965835	0.00888861644087537	0.2710608231632	60717
840	74567	87	41381	753	33186	0.0226902910866028	0.00210241415142215	0.549922420995398	75407
2025	420	1205	344	820	76	10.7894736842105	3.50290697674419	0.633537832310838	2445
158	11495	5	1643	153	9852	0.0155298416565164	0.00304321363359708	0.141422809576933	11653
20336	327	4124	226	16212	101	160.514851485149	18.2477876106195	0.210521221507042	20663
18693	17	108	2	18585	15	1239	54	0.00587920897915553	18710
4199	121	1554	106	2645	15	176.333333333333	14.6603773584906	0.384259259259259	4320
1198	36	37	6	1161	30	38.7	6.16666666666667	0.0348460291734198	1234
3005	10	100	4	2905	6	484.166666666667	25	0.0344941956882255	3015
19	2413	1	1652	18	761	0.0236530880420499	0.000605326876513317	0.6796875	2432
88298	702	18894	512	69404	190	365.284210526316	36.90234375	0.218044943820225	89000
356	16534	84	7864	272	8670	0.0313725490196078	0.0106815869786368	0.470574304322084	16890
5997	96	2022	53	3975	43	92.4418604651163	38.1509433962264	0.340554734941736	6093
279	90455	95	41022	184	49433	0.00372220985981025	0.00231583052995953	0.453159785747349	90734
676	143696	52	44748	624	98948	0.00630634272547196	0.00116206310896576	0.31030947829219	144372
736	20	47	10	689	10	68.9	4.7	0.0753968253968254	756
4030	46	1611	10	2419	36	67.1944444444444	161.1	0.397693817468106	4076
697	21	10	3	687	18	38.1666666666667	3.33333333333333	0.0181058495821727	718
6971	43	4618	37	2353	6	392.166666666667	124.810810810811	0.663672654690619	7014
40	1676	10	1292	30	384	0.078125	0.00773993808049536	0.758741258741259	1716
60	40751	37	16269	23	24482	0.000939465729924026	0.00227426393754994	0.399549141162922	40811
15234	97	5110	77	10124	20	506.2	66.3636363636364	0.338334094318701	15331
3	867	0	355	3	512	0.005859375	0	0.408045977011494	870
89	7828	18	5011	71	2817	0.025204117855875	0.00359209738575135	0.63521535935329	7917
3384	69	2415	50	969	19	51	48.3	0.713871995366348	3453
4126	11	2392	2	1734	9	192.666666666667	1196	0.578680203045685	4137
224709	582	21467	118	203242	464	438.021551724138	181.923728813559	0.0958094198170366	225291
29	5658	4	2376	25	3282	0.00761730652041438	0.00168350168350168	0.418498329523475	5687
2172	92	1074	76	1098	16	68.625	14.1315789473684	0.507950530035336	2264
6	1128	4	182	2	946	0.00211416490486258	0.021978021978022	0.164021164021164	1134
126	2477	94	1477	32	1000	0.032	0.0636425186188219	0.603534383403765	2603
52	2778	0	1992	52	786	0.0661577608142494	0	0.703886925795053	2830
100659	11456	8114	7891	92545	3565	25.9593267882188	1.02826004308706	0.142755206707399	112115
3755	17	738	8	3017	9	335.222222222222	92.25	0.197773064687169	3772
140	78624	3	26154	137	52470	0.00261101581856299	0.000114705207616426	0.332093342136001	78764
273	153875	6	66367	267	87508	0.00305114960917859	9.04063766631006e-05	0.430579702623453	154148
13778	52	4441	12	9337	40	233.425	370.083333333333	0.321981200289226	13830
431	1071	50	103	381	968	0.393595041322314	0.485436893203884	0.101864181091877	1502
31672	162	4259	11	27413	151	181.543046357616	387.181818181818	0.134133316579757	31834
15	5171	0	3664	15	1507	0.0099535500995355	0	0.706517547242576	5186
391	200	72	108	319	92	3.46739130434783	0.666666666666667	0.304568527918782	591
1236	144964	313	77996	923	66968	0.0137827021861187	0.00401302630904149	0.5356292749658	146200
99	3775	16	3001	83	774	0.107235142118863	0.00533155614795068	0.7787816210635	3874
322	2675	24	1309	298	1366	0.218155197657394	0.0183346065699007	0.444778111444778	2997
236	21816	28	12765	208	9051	0.0229808860899348	0.00219349784567176	0.580128786504625	22052
6398	158703	80	21092	6318	137611	0.045912027381532	0.00379290726341741	0.12823665513837	165101
1107	107869	580	36626	527	71243	0.00739721797229201	0.0158357450991099	0.341414623403318	108976
85	13785	26	6980	59	6805	0.00867009551800147	0.00372492836676218	0.505118961788032	13870
19	895	2	278	17	617	0.0275526742301459	0.00719424460431655	0.306345733041575	914
72	10812	17	4433	55	6379	0.00862204107226838	0.00383487480261674	0.40885703785373	10884
2204	85	5	33	2199	52	42.2884615384615	0.151515151515152	0.0166011358671909	2289
5368	126	3047	93	2321	33	70.3333333333333	32.7634408602151	0.571532580997452	5494
2666	41	2031	35	635	6	105.833333333333	58.0285714285714	0.763206501662357	2707
391	23430	19	16684	372	6746	0.0551437889119478	0.00113881563174299	0.701188027370807	23821
1192	97	516	24	676	73	9.26027397260274	21.5	0.418929402637704	1289
12633	24	7825	5	4808	19	253.052631578947	1565	0.61863000711069	12657
1784	31	194	22	1590	9	176.666666666667	8.81818181818182	0.11900826446281	1815
19691	2219	1001	1822	18690	397	47.0780856423174	0.549396267837541	0.128845276129621	21910
74617	360	7901	105	66716	255	261.63137254902	75.2476190476191	0.106779412353122	74977
69	4829	2	2852	67	1977	0.033889731917046	0.000701262272089762	0.582686810943242	4898
65	2509	44	1869	21	640	0.0328125	0.023542001070091	0.743201243201243	2574
44	3535	21	2600	23	935	0.0245989304812834	0.00807692307692308	0.732327465772562	3579
16464	81	4048	40	12416	41	302.829268292683	101.2	0.247083711090964	16545
238	1230	0	1006	238	224	1.0625	0	0.685286103542234	1468
94	7404	48	5721	46	1683	0.0273321449792038	0.00839014158363922	0.769405174713257	7498
196	11459	85	7185	111	4274	0.0259709873654656	0.011830201809325	0.623766623766624	11655
237	45194	129	19244	108	25950	0.00416184971098266	0.00670338806900852	0.426426889128569	45431
89618	718	708	183	88910	535	166.18691588785	3.86885245901639	0.00986317747077577	90336
2744	48	744	40	2000	8	250	18.6	0.28080229226361	2792
17234	98	5078	36	12156	62	196.064516129032	141.055555555556	0.295061158550658	17332
139	1371	0	918	139	453	0.306843267108168	0	0.60794701986755	1510
26961	215	13183	126	13778	89	154.808988764045	104.626984126984	0.489733588460406	27176
35881	343	4091	207	31790	136	233.75	19.7632850241546	0.118650618374558	36224
342	31488	134	9822	208	21666	0.00960029539370442	0.0136428425982488	0.312786679233428	31830
1338	29	289	10	1049	19	55.2105263157895	28.9	0.218727139722019	1367
45	31382	8	18761	37	12621	0.00293162190000792	0.00042641650231864	0.597225315811245	31427
138	8866	12	6296	126	2570	0.0490272373540856	0.00190597204574333	0.700577521101733	9004
10	2219	0	1841	10	378	0.0264550264550265	0	0.825930910722297	2229
49	3702	25	2858	24	844	0.028436018957346	0.00874737578726382	0.768595041322314	3751
12092	70	1637	37	10455	33	316.818181818182	44.2432432432432	0.13764183522447	12162
1236	40	216	18	1020	22	46.3636363636364	12	0.183385579937304	1276
93	12459	13	10369	80	2090	0.0382775119617225	0.00125373710097406	0.827119184193754	12552
212	5836	14	5095	198	741	0.267206477732794	0.00274779195289499	0.844742063492063	6048
728	25	132	13	596	12	49.6666666666667	10.1538461538462	0.192563081009296	753
157871	1364	21807	733	136064	631	215.632329635499	29.7503410641201	0.141551794517537	159235
103197	663	31967	244	71230	419	170	131.012295081967	0.310138648180243	103860
24	2117	0	575	24	1542	0.0155642023346304	0	0.268566090611864	2141
2020	103	1346	100	674	3	224.666666666667	13.46	0.68111163447951	2123
135	1489	36	461	99	1028	0.0963035019455253	0.0780911062906725	0.306034482758621	1624
2516	38	1428	33	1088	5	217.6	43.2727272727273	0.572043852779953	2554
50	1006	26	776	24	230	0.104347826086957	0.0335051546391753	0.759469696969697	1056
159	188	40	43	119	145	0.820689655172414	0.930232558139535	0.239193083573487	347
4840	225	1031	194	3809	31	122.870967741935	5.31443298969072	0.241855873642646	5065
218	10264	130	4876	88	5388	0.0163325909428359	0.0266611977030353	0.477580614386567	10482
69	9262	28	6168	41	3094	0.013251454427925	0.00453955901426719	0.664023148644304	9331
116	3268	36	2572	80	696	0.114942528735632	0.0139968895800933	0.770685579196217	3384
777	42	57	0	720	42	17.1428571428571	Inf	0.0695970695970696	819
92	4845	61	3656	31	1189	0.0260723296888141	0.0166849015317287	0.752886368239822	4937
14188	560	7327	462	6861	98	70.0102040816327	15.8593073593074	0.528139408733388	14748
389	36691	182	15674	207	21017	0.00984916971975068	0.0116115860660967	0.427615965480043	37080
490	12784	213	7541	277	5243	0.052832347892428	0.0282455907704548	0.584149465119783	13274
26629	4456	10214	4191	16415	265	61.9433962264151	2.43712717728466	0.463406787839794	31085
277	39298	63	14147	214	25151	0.00850860800763389	0.00445324096981692	0.359065066329754	39575
3375	5080	984	3436	2391	1644	1.4543795620438	0.286379511059371	0.522767593140154	8455
41	952	0	526	41	426	0.0962441314553991	0	0.529707955689829	993
3404	44	79	36	3325	8	415.625	2.19444444444444	0.0333526682134571	3448
1284	2	496	1	788	1	788	496	0.38646967340591	1286
5458	47	583	23	4875	24	203.125	25.3478260869565	0.11008174386921	5505
92	1323	12	823	80	500	0.16	0.0145808019441069	0.590106007067138	1415
33039	238	9004	163	24035	75	320.466666666667	55.239263803681	0.275475553685729	33277
1197	38	516	34	681	4	170.25	15.1764705882353	0.445344129554656	1235
1680	289	1033	130	647	159	4.06918238993711	7.94615384615385	0.590655154900965	1969
21943	81	5432	28	16511	53	311.528301886792	194	0.247911369415183	22024
326	30918	29	14270	297	16648	0.0178399807784719	0.00203223545900491	0.457655869927026	31244
3213	24	1445	7	1768	17	104	206.428571428571	0.448563484708063	3237
98106	289	8076	1	90030	288	312.604166666667	8076	0.0820875044463641	98395
393	47	24	15	369	32	11.53125	1.6	0.0886363636363636	440
1218	17	34	12	1184	5	236.8	2.83333333333333	0.037246963562753	1235
457	11657	127	4875	330	6782	0.0486582129165438	0.0260512820512821	0.412910681855704	12114
21	986	2	7	19	979	0.0194075587334014	0.285714285714286	0.00893743793445879	1007
133	2741	0	2064	133	677	0.196454948301329	0	0.718162839248434	2874
15	3040	8	1258	7	1782	0.00392817059483726	0.00635930047694754	0.414402618657938	3055
115	41563	11	18262	104	23301	0.00446332775417364	0.00060234366443982	0.438432746293008	41678
85	495	10	226	75	269	0.278810408921933	0.0442477876106195	0.406896551724138	580
21172	179	3715	117	17457	62	281.564516129032	31.7521367521368	0.179476371130158	21351
21470	159	7190	25	14280	134	106.567164179104	287.6	0.333579915853715	21629
89	3402	6	2990	83	412	0.201456310679612	0.0020066889632107	0.858206817530793	3491
28	608	7	139	21	469	0.0447761194029851	0.0503597122302158	0.229559748427673	636
17	1509	4	583	13	926	0.0140388768898488	0.00686106346483705	0.384665792922674	1526
289	189	27	104	262	85	3.08235294117647	0.259615384615385	0.274058577405858	478
59	2083	48	1444	11	639	0.0172143974960876	0.0332409972299169	0.696545284780579	2142
12614	202	3450	117	9164	85	107.811764705882	29.4871794871795	0.278323970037453	12816
1939	380	58	217	1881	163	11.5398773006135	0.267281105990783	0.11858559724019	2319
260	8997	37	7904	223	1093	0.204025617566331	0.00468117408906883	0.857837312304202	9257
8397	21	3160	11	5237	10	523.7	287.272727272727	0.376692801140413	8418
245	22897	5	11592	240	11305	0.0212295444493587	0.000431331953071084	0.501123498401175	23142
10763	69	4563	36	6200	33	187.878787878788	126.75	0.424575332348597	10832
715	23	89	4	626	19	32.9473684210526	22.25	0.126016260162602	738
319	388	23	45	296	343	0.862973760932945	0.511111111111111	0.0961810466760962	707
5227	134	1717	115	3510	19	184.736842105263	14.9304347826087	0.34172728968476	5361
145	12456	10	3815	135	8641	0.0156231917602129	0.00262123197903014	0.303547337512896	12601
13894	87	7269	55	6625	32	207.03125	132.163636363636	0.523853801587869	13981
202	12961	138	7780	64	5181	0.0123528276394518	0.0177377892030848	0.601534604573426	13163
713	22	124	16	589	6	98.1666666666667	7.75	0.19047619047619	735
406	32501	291	11934	115	20567	0.00559148149948947	0.0243841126194067	0.37150150423922	32907
5367	22	1389	14	3978	8	497.25	99.2142857142857	0.260345147522731	5389
4040	88	262	51	3778	37	102.108108108108	5.13725490196078	0.0758236434108527	4128
12084	193	6262	153	5822	40	145.55	40.9281045751634	0.522521788710597	12277
47	1340	2	355	45	985	0.0456852791878173	0.00563380281690141	0.257390050468637	1387
35	1760	3	1304	32	456	0.0701754385964912	0.00230061349693252	0.728133704735376	1795
21179	119	3113	33	18066	86	210.06976744186	94.3333333333333	0.147713400319279	21298
66	1180	2	608	64	572	0.111888111888112	0.00328947368421053	0.489566613162119	1246
59	13121	1	6730	58	6391	0.00907526208731028	0.000148588410104012	0.510698027314112	13180
729	25	80	10	649	15	43.2666666666667	8	0.119363395225464	754
283	1558	2	1331	281	227	1.23788546255507	0.00150262960180316	0.724063009234112	1841
90652	717	27054	322	63598	395	161.007594936709	84.0186335403727	0.299620221300441	91369
224	273	40	49	184	224	0.821428571428571	0.816326530612245	0.17907444668008	497
52584	6989	28663	4528	23921	2461	9.72003250711093	6.33016784452297	0.557148372584896	59573
1028	53	275	3	753	50	15.06	91.6666666666667	0.257169287696577	1081
20206	186	5334	54	14872	132	112.666666666667	98.7777777777778	0.264221263240486	20392
22	8996	3	6135	19	2861	0.00664103460328556	0.000488997555012225	0.68063872255489	9018
15572	116	4382	46	11190	70	159.857142857143	95.2608695652174	0.282253952065273	15688
33	1215	2	311	31	904	0.0342920353982301	0.00643086816720257	0.250801282051282	1248
1873	1017	956	555	917	462	1.98484848484848	1.72252252252252	0.522837370242215	2890
38309	96	4812	46	33497	50	669.94	104.608695652174	0.126493946100768	38405
30	3808	0	3128	30	680	0.0441176470588235	0	0.815007816571131	3838
84	36180	24	20150	60	16030	0.00374298190892077	0.00119106699751861	0.556309287447606	36264
22	1272	0	1148	22	124	0.17741935483871	0	0.887171561051005	1294
891	11	188	1	703	10	70.3	188	0.209534368070953	902
26955	93	7089	4	19866	89	223.213483146067	1772.25	0.262237503697131	27048
234	36095	47	10393	187	25702	0.00727569838923041	0.00452227460790917	0.287373723471607	36329
69	3706	28	2909	41	797	0.0514429109159348	0.00962530079064971	0.778013245033113	3775
13	2916	0	676	13	2240	0.00580357142857143	0	0.230795493342438	2929
392	16580	50	10141	342	6439	0.053113837552415	0.00493048022877428	0.600459580485506	16972
15	872	3	435	12	437	0.0274599542334096	0.00689655172413793	0.49379932356257	887
435	11229	31	6810	404	4419	0.0914233989590405	0.00455212922173275	0.58650548696845	11664
16839	27700	65	8375	16774	19325	0.867994825355757	0.00776119402985075	0.189496845461281	44539
731	4	254	0	477	4	119.25	Inf	0.345578231292517	735
86	7968	18	6448	68	1520	0.0447368421052632	0.00279156327543424	0.802830891482493	8054
10	888	2	723	8	165	0.0484848484848485	0.00276625172890733	0.807349665924276	898
64126	8599	22120	4939	42006	3660	11.4770491803279	4.4786394006884	0.372072877277415	72725
23009	93	8758	32	14251	61	233.622950819672	273.6875	0.380486537962081	23102
23826	126	7636	57	16190	69	234.63768115942	133.964912280702	0.321184034736139	23952
19	1747	2	1514	17	233	0.0729613733905579	0.00132100396301189	0.858437146092865	1766
40159	53818	408	24658	39751	29160	1.36320301783265	0.0165463541244221	0.266724836928185	93977
457	800	39	342	418	458	0.912663755458515	0.114035087719298	0.303102625298329	1257
1092	59018	223	31362	869	27656	0.0314217529649986	0.00711051591097507	0.525453335551489	60110
490	3	111	0	379	3	126.333333333333	Inf	0.225152129817444	493
667	10181	100	6248	567	3933	0.1441647597254	0.0160051216389245	0.585176991150443	10848
6	2606	0	2056	6	550	0.0109090909090909	0	0.787136294027565	2612
53	3694	6	3092	47	602	0.0780730897009967	0.0019404915912031	0.826794769148652	3747
271	397	69	183	202	214	0.94392523364486	0.377049180327869	0.377245508982036	668
8	8039	0	3307	8	4732	0.00169061707523246	0	0.410960606437182	8047
93	16159	36	10696	57	5463	0.0104338275672707	0.00336574420344054	0.660349495446714	16252
37	910	0	798	37	112	0.330357142857143	0	0.842661034846885	947
183	2710	35	1922	148	788	0.187817258883249	0.018210197710718	0.67646042170757	2893
287	4774	125	3642	162	1132	0.143109540636042	0.0343218012081274	0.74431930448528	5061
669	46295	285	27081	384	19214	0.0199854272925991	0.0105239836047413	0.582701643812282	46964
1239	119	836	71	403	48	8.39583333333333	11.7746478873239	0.667893961708395	1358
2534	300	1505	228	1029	72	14.2916666666667	6.60087719298246	0.611503175723359	2834
11964	53021	81	14899	11883	38122	0.311709773883847	0.00543660648365662	0.230514734169424	64985
492	2370	7	1999	485	371	1.30727762803235	0.00350175087543772	0.700908455625437	2862
399	11200	176	5678	223	5522	0.0403839188699746	0.0309968298696724	0.504698680920769	11599
16	540	0	212	16	328	0.0487804878048781	0	0.381294964028777	556
19314	68	2663	34	16651	34	489.735294117647	78.3235294117647	0.139149726550408	19382
113	1404	40	1134	73	270	0.27037037037037	0.0352733686067019	0.773895847066579	1517
74722	250	9994	138	64728	112	577.928571428571	72.4202898550725	0.135143787013818	74972
31	1479	2	1263	29	216	0.134259259259259	0.00158353127474268	0.837748344370861	1510
64579	572	12573	55	52006	517	100.591876208897	228.6	0.193826648861875	65151
41	1203	7	557	34	646	0.0526315789473684	0.0125673249551167	0.453376205787781	1244
28940	224	6702	97	22238	127	175.102362204724	69.0927835051546	0.23312988616102	29164
22	7573	0	5172	22	2401	0.00916284881299459	0	0.680974325213957	7595
544	2535	22	2228	522	307	1.70032573289902	0.00987432675044883	0.730756739201039	3079
63223	279	16631	13	46592	266	175.157894736842	1279.30769230769	0.262101981039967	63502
3173	11	701	0	2472	11	224.727272727273	Inf	0.220163316582915	3184
799	68	173	2	626	66	9.48484848484848	86.5	0.201845444059977	867
5	4431	1	3579	4	852	0.00469483568075117	0.000279407655769768	0.807033363390442	4436
245	27142	136	11238	109	15904	0.00685362173038229	0.0121017974728599	0.415306532296345	27387
61	1292	40	1058	21	234	0.0897435897435897	0.0378071833648393	0.811529933481153	1353
27117	66	10347	20	16770	46	364.565217391304	517.35	0.381378067174337	27183
17	2303	2	1613	15	690	0.0217391304347826	0.00123992560446373	0.696120689655172	2320
1942	27	1063	19	879	8	109.875	55.9473684210526	0.549517521584561	1969
494	503	164	286	330	217	1.52073732718894	0.573426573426573	0.45135406218656	997
30826	52	17580	40	13246	12	1103.83333333333	439.5	0.570632813006024	30878
567	43	3	4	564	39	14.4615384615385	0.75	0.0114754098360656	610
87	3820	33	2726	54	1094	0.0493601462522852	0.0121056493030081	0.706168415664193	3907
253	3630	33	180	220	3450	0.063768115942029	0.183333333333333	0.0548544939479784	3883
1564	96675	59	25481	1505	71194	0.0211394218613928	0.00231545072799341	0.259978216390639	98239
128	32366	41	12925	87	19441	0.00447507844246695	0.00317214700193424	0.399027512771589	32494
39	964	20	703	19	261	0.0727969348659004	0.0284495021337127	0.720837487537388	1003
31	1666	17	1173	14	493	0.0283975659229209	0.0144927536231884	0.70123747790218	1697
8	16602	2	6110	6	10492	0.000571864277544796	0.000327332242225859	0.367971101745936	16610
20	935	4	458	16	477	0.0335429769392034	0.00873362445414847	0.483769633507853	955
1197	10	766	10	431	0	Inf	76.6	0.642916321458161	1207
6267	82	3447	52	2820	30	94	66.2884615384615	0.55111041108836	6349
810	15681	33	6871	777	8810	0.0881952326901249	0.00480279435307815	0.418652598386999	16491
240	23989	121	12016	119	11973	0.00993902948300342	0.0100699067909454	0.500928639233976	24229
3348	249	1964	232	1384	17	81.4117647058823	8.46551724137931	0.610508757297748	3597
48942	1044	9071	774	39871	270	147.67037037037	11.7196382428941	0.196955147441284	49986
1086	16	408	15	678	1	678	27.2	0.383847549909256	1102
445	369	216	236	229	133	1.7218045112782	0.915254237288136	0.555282555282555	814
187	35299	2	14011	185	21288	0.00869034197670049	0.000142744986082364	0.394888124894325	35486
3185	8	1796	3	1389	5	277.8	598.666666666667	0.563419981208894	3193
156	5124	28	2278	128	2846	0.044975404075896	0.0122914837576822	0.436742424242424	5280
316	49303	139	18144	177	31159	0.00568054173753972	0.00766093474426808	0.368467724057317	49619
162	11911	119	4892	43	7019	0.00612622880752244	0.0243254292722813	0.415058394765178	12073
62043	6595	3039	3488	59004	3107	18.9906662375282	0.871272935779816	0.0950930971182144	68638
144	21836	27	10675	117	11161	0.0104829316369501	0.00252927400468384	0.486897179253867	21980
19	3526	13	2667	6	859	0.0069848661233993	0.00487439070116235	0.755994358251058	3545
8428	4043	2145	3358	6283	685	9.17226277372263	0.638773079213818	0.44126373185791	12471
18	14143	0	9369	18	4774	0.00377042312526183	0	0.661605818798107	14161
215	7206	0	3135	215	4071	0.0528125767624662	0	0.422449804608543	7421
289	40402	76	18729	213	21673	0.00982789646103447	0.00405787815686903	0.462141505492615	40691
1585	3562	1209	1858	376	1704	0.220657276995305	0.650699677072121	0.595881095783952	5147
837	195	64	86	773	109	7.09174311926605	0.744186046511628	0.145348837209302	1032
44	9172	0	3149	44	6023	0.00730532956998174	0	0.341688368055556	9216
98	13188	16	5897	82	7291	0.0112467425593197	0.00271324402238426	0.445054945054945	13286
2778	2	685	0	2093	2	1046.5	Inf	0.246402877697842	2780
103	9739	30	5139	73	4600	0.0158695652173913	0.00583771161704612	0.525198130461288	9842
3002	24	409	8	2593	16	162.0625	51.125	0.137805684071381	3026
1773	15279	288	11671	1485	3608	0.411585365853659	0.024676548710479	0.701325357729299	17052
3122	27	431	4	2691	23	117	107.75	0.138139091775167	3149
14185	95	5619	41	8566	54	158.62962962963	137.048780487805	0.396358543417367	14280
79	7962	4	6330	75	1632	0.0459558823529412	0.000631911532385466	0.787712971023505	8041
63	7797	0	5916	63	1881	0.0334928229665072	0	0.752671755725191	7860
1471	33	397	3	1074	30	35.8	132.333333333333	0.265957446808511	1504
978	12500	558	9833	420	2667	0.15748031496063	0.0567476863622496	0.770960083098383	13478
1007	31161	135	16112	872	15049	0.0579440494385009	0.00837884806355511	0.505067147475752	32168
920	32	414	10	506	22	23	41.4	0.445378151260504	952
67037	1264	6171	958	60866	306	198.908496732026	6.44154488517745	0.104376217039282	68301
355	83640	170	33939	185	49701	0.00372225910947466	0.0050089867114529	0.406083695458063	83995
33	2514	2	1185	31	1329	0.0233258088788563	0.00168776371308017	0.466038476639183	2547
121	688	9	110	112	578	0.193771626297578	0.0818181818181818	0.147095179233622	809
151	8052	7	3697	144	4355	0.0330654420206659	0.00189342710305653	0.451542118737047	8203
47	13091	14	12221	33	870	0.0379310344827586	0.00114556910236478	0.931268077332927	13138
56	14118	36	10806	20	3312	0.00603864734299517	0.00333148250971682	0.764921687597009	14174
6519	277	3229	219	3290	58	56.7241379310345	14.7442922374429	0.507357268981754	6796
13378	96	4744	14	8634	82	105.292682926829	338.857142857143	0.353124536143684	13474
157	2919	57	1946	100	973	0.102774922918808	0.0292908530318602	0.651170351105332	3076
130	2380	19	2063	111	317	0.350157728706625	0.00920988851187591	0.829482071713147	2510
60867	554	9769	306	51098	248	206.040322580645	31.9248366013072	0.164031845785643	61421
51	7705	26	5593	25	2112	0.0118371212121212	0.00464866797782943	0.724471376998453	7756
3	1269	0	1050	3	219	0.0136986301369863	0	0.825471698113208	1272
47504	457	11860	98	35644	359	99.2869080779944	121.020408163265	0.249327578657659	47961
429	12122	24	8943	405	3179	0.127398553004089	0.00268366320026837	0.714445064138316	12551
1056	22	204	5	852	17	50.1176470588235	40.8	0.193877551020408	1078
483	35638	29	6112	454	29526	0.0153762785341733	0.00474476439790576	0.170011904432325	36121
56	12510	4	4629	52	7881	0.00659814744321787	0.000864117519982718	0.368693299379277	12566
737	8352	2	6507	735	1845	0.398373983739837	0.000307361303211926	0.716140389481791	9089
3084	22	992	18	2092	4	523	55.1111111111111	0.325177076625885	3106
465	146	87	89	378	57	6.63157894736842	0.97752808988764	0.288052373158756	611
45109	40210	10041	16051	35068	24159	1.45155014694317	0.625568500404959	0.305816992697992	85319
19538	149	5815	47	13723	102	134.539215686275	123.723404255319	0.297759943109666	19687
11075	7	5368	3	5707	4	1426.75	1789.33333333333	0.484659808698791	11082
38	3891	2	3307	36	584	0.0616438356164384	0.000604777744179014	0.842199032832782	3929
364	41269	42	18977	322	22292	0.0144446438184102	0.00221320545924013	0.456825114692672	41633
1222	32530	190	13899	1032	18631	0.0553915517148838	0.0136700482049068	0.417427115430197	33752
76	24372	40	19275	36	5097	0.00706297822248381	0.00207522697795071	0.79004417539267	24448
13	725	1	387	12	338	0.0355029585798817	0.00258397932816537	0.525745257452574	738
25	750	0	289	25	461	0.0542299349240781	0	0.372903225806452	775
543	8970	0	1124	543	7846	0.0692072393576345	0	0.118154104909072	9513
75	18782	47	8733	28	10049	0.00278634690018907	0.00538188480476354	0.465609587951424	18857
99	44118	11	26215	88	17903	0.00491537731106518	0.000419607095174518	0.593120293099939	44217
36085	237	2551	52	33534	185	181.264864864865	49.0576923076923	0.0716645559165244	36322
1017	191	14	26	1003	165	6.07878787878788	0.538461538461538	0.033112582781457	1208
3432	1609	1217	1024	2215	585	3.78632478632479	1.1884765625	0.444554651854791	5041
